# enemy_color: "red"
enemy_color: "blue"

#####-----神经网络参数-----#####
yolo_name: yolov5
classify_model: assets/tiny_resnet.onnx
yolo11_model_path: assets/yolo11.xml
yolov8_model_path: assets/yolov8.xml
yolov5_model_path: assets/yolov5.xml
device: CPU
min_confidence: 0.65
use_traditional: true

#####-----ROI-----#####
roi: 
  x: 420
  y: 50
  width: 600
  height: 600

use_roi: false

#####-----传统方法参数-----#####
threshold: 150
max_angle_error: 45 # degree
min_lightbar_ratio: 1.5
max_lightbar_ratio: 20
min_lightbar_length: 8
min_armor_ratio: 1
max_armor_ratio: 5
max_side_ratio: 1.5
max_rectangular_error: 25 # degree

#####-----tracker参数-----#####
min_detect_count: 4
max_temp_lost_count: 15
outpost_max_temp_lost_count: 75

#####-----aimer参数-----#####
yaw_offset: 1.6   # degree 1.5
pitch_offset: 7.5 # degree 2
comming_angle: 55 # degree
leaving_angle: 20 # degree
decision_speed: 7 # rad/s
high_speed_delay_time: 0.0 # s
low_speed_delay_time: 0.0 # s planner use this value

#####-----shooter参数-----#####
first_tolerance: 3 # 近距离射击容差，degree
second_tolerance: 2 # 远距离射击容差，degree
judge_distance: 2 #距离判断阈值
auto_fire: true # 是否由自瞄控制射击

# camera_name: "mindvision"
# exposure_ms: 1.5
# gamma: 1.0
# gain: 5.0   
# vid_pid: "f622:0001"

camera_name: "mindvision"
exposure_ms: 1.3
gamma: 0.7
gain: 20.0   
vid_pid: "f622:0001"

# camera_name: "mindvision"
# exposure_ms: 1.2
# gamma: 0.8
# gain: 30.0   
# vid_pid: "f622:0001"

#  1  0  0
#  0  1  0
#  0  0  1
R_gimbal2imubody: [1, 0, 0, 0, 1, 0, 0, 0, 1]

# 重投影误差: 0.1820px
camera_matrix: [2085.8518909137497, 0.0, 636.8099094845275, 0.0, 2082.84996709917, 525.701630438037, 0.0, 0.0, 1.0]
distort_coeffs: [-0.059448299297612375, 0.32250412735017253, 0.0015427764703439568, 0.001518245596842894, 0.0]


# 相机同理想情况的偏角: yaw1.44 pitch-7.28 roll0.96 degree
# 标定板到世界坐标系原点的水平距离: 1.13 m
# 标定板同竖直摆放时的偏角: yaw7.61 pitch13.92 roll-0.46 degree
# R_camera2gimbal: [0.01928451708725664, 0.00012696140743255463, 0.99981402834802846, -0.99981344688553653, -0.0010834913551969569, 0.019284643459122196, 0.0010857382619952124, -0.99999940496346484, 0.00010604311483339372]
# t_camera2gimbal: [-0.068315446649358236, 0.03039891226054374, 0.024941658436299224]

# original setup don't change


R_camera2gimbal: [-0.027182119030230909, -0.12616154330853446, 0.99163723074269183, -0.99949106557517331, 0.019998323121329122, -0.024853106601381177, -0.016695575474690555, -0.99180811252093692, -0.12664093215554434]
# t_camera2gimbal: [0.13160669975045827, 0.10377721766577375, 0.024908271912914642]
t_camera2gimbal: [0.1060669975045827, 0.063421766577375, 0.1071912914642]

#####-----cboard参数-----#####
quaternion_canid: 0x100
bullet_speed_canid: 0x101
send_canid: 0xff
can_interface: "can0"

#####-----gimbal参数-----#####
com_port: "/dev/gimbal"
yaw_kp: 0
yaw_kd: 0
pitch_kp: 0
pitch_kd: 0

#####-----planner-----#####
fire_thresh: 0.0035

max_yaw_acc: 50
Q_yaw: [8e6, 0]
R_yaw: [1]

max_pitch_acc: 100
Q_pitch: [9e6, 0]
R_pitch: [1]

#####-----buff_detector参数-----#####
model: "assets/yolo11_buff_int8.xml"

#####-----buff_aimer参数-----#####
fire_gap_time: 0.700   # s
predict_time: 0.120     # s

bullet_speed: 22.0  # m/s